
23
10
11
9
15
9
18
16
23
16
20
25
39
25
29
33
26
28
28
33
33
30
39
34
35
31
34
34
38
33
37
35
39
29
32
36
36
26
34
38
41
37
28
36
25
32
34
37
24
25
32
25
18
22
18
19
21
24
24
22
20
10
16
23
30
19
18
22
14
12
21
23
19
21
30
18
25
27
35
40
44
45
57
47
44
64
70
81
77
89
84
107
114
109
117
133
146
157
162
185
225
240
238
286
300
311
342
334
376
387
386
406
389
413
425
385
398
385
399
349
337
322
349
305
284
296
256
287
237
237
242
222
215
218
201
191
252
229
198
207
205
190
196
174
153
194
185
161
156
165
145
163
163
164
124
103
114
131
136
119
113
108
94
79
77
72
86
70
78
69
57
49
55
58
43
38
44
33
28
32
25
16
20
18
14
16
18
13
8
12
15
10
10
9
6
5
2
3
2
3
2
3
1
1
0
2
1
1
0
1
0
0
0
2
0
0
1
0
0
1
0
0
0
0
0
0
0
0
1
0
0
1
0
0
0
0
0
0
0
0
0
0
0
0
0
0
0
0
0
0
0
0
0
0
0
0