
5
5
6
5
6
9
13
11
5
14
16
11
17
13
23
25
21
15
27
21
31
27
32
33
31
29
35
29
35
34
25
28
28
32
35
32
34
35
31
22
21
29
33
33
33
32
23
42
38
37
31
31
36
29
30
37
33
28
28
22
23
35
25
25
21
31
16
26
20
23
29
25
18
35
23
23
24
37
25
43
39
34
40
55
52
69
72
65
87
91
104
93
118
120
165
161
168
172
252
259
267
300
327
333
372
364
348
381
442
401
455
424
427
480
482
417
502
470
422
478
425
396
381
391
372
294
287
278
281
267
261
270
234
229
225
254
204
220
188
189
170
150
152
148
133
123
121
113
101
103
116
85
98
102
80
77
86
69
67
50
48
58
42
40
41
39
31
35
29
25
19
22
24
22
17
21
12
7
21
10
7
1
7
6
4
4
5
5
5
3
2
5
1
1
0
0
1
0
0
2
0
0
0
1
2
0
0
0
0
0
0
0
0
0
0
1
0
0
0
0
0
1
0
0
0
0
0
0
0
0
0
0
0
0
0
0
0
0
0
0
0
0
0
0
0
0
0
0
0
0
0
0
0
0
0
0