
0
0
0
0
0
0
0
0
0
0
0
0
0
0
0
1
2
1
0
2
1
2
8
5
13
9
5
13
7
15
15
13
19
18
17
14
22
23
18
24
23
23
34
40
26
35
26
29
31
25
39
35
22
31
29
30
44
42
30
28
22
17
38
29
35
37
35
28
34
38
46
25
30
30
42
35
32
27
29
27
28
27
31
24
24
26
17
26
25
22
22
30
23
21
28
25
31
36
39
34
32
45
58
58
60
74
99
95
98
104
131
135
153
155
199
225
268
289
299
361
392
422
443
449
437
428
443
473
484
544
491
472
493
472
476
456
442
402
406
362
317
272
284
250
219
240
199
197
186
212
186
197
227
191
185
198
177
179
170
147
147
157
144
134
130
123
105
108
113
93
90
103
90
79
92
74
62
68
57
48
43
47
38
45
32
28
32
24
23
20
20
26
18
17
16
11
12
11
7
3
4
6
8
5
2
5
4
2
2
4
1
1
1
0
0
0
0
1
1
0
0
2
0
1
0
0
0
0
0
0
0
0
0
1
0
0
0
1
0
0
0
0
0
0
0
0
0
0
0
0
0
0
0
0
0
0