
0
0
0
0
0
0
0
0
0
0
0
0
0
0
0
0
0
0
0
0
0
0
0
0
0
0
0
0
0
0
0
0
0
0
0
0
0
0
0
0
0
0
0
0
0
0
0
0
0
0
0
0
0
0
0
0
0
1
0
1
1
2
2
1
1
2
2
4
3
5
6
10
7
7
12
12
19
13
9
12
19
14
12
11
20
17
22
16
17
21
18
25
26
23
31
28
33
26
26
30
37
23
35
28
30
35
32
34
36
27
29
31
33
36
39
36
24
34
38
41
46
27
42
36
28
31
35
40
35
26
28
23
25
38
34
37
31
40
27
42
32
47
66
54
59
72
85
106
113
162
174
205
245
272
322
378
371
453
513
538
551
600
608
572
618
559
521
491
452
438
354
323
319
306
278
300
274
268
261
232
201
230
185
179
185
153
179
163
187
163
200
181
170
182
158
185
179
175
170
162
170
162
163
143
132
118
120
132
131
99
124
87
93
97
75
78
91
68
51
50
50
52
43
28
34
33
29
24
22
20
21
15
18
17
11
16
14
6
7
5
4
2
3
4
4
3
2
5
2
1
2
0
0
1
1
6